[gd_scene load_steps=4 format=3 uid="uid://dpjsq66imejsr"]

[ext_resource type="PackedScene" uid="uid://ct5w1381on688" path="res://sky_box.tscn" id="1_3mrb7"]
[ext_resource type="PackedScene" uid="uid://dufubmy0mkl3t" path="res://arenas/arenas.glb" id="2_bddj6"]
[ext_resource type="PackedScene" uid="uid://csd8ti2himso2" path="res://Chicken/running_chicken.tscn" id="3_6436y"]

[node name="StartMenu" type="Node3D"]

[node name="Control" type="Control" parent="."]
layout_mode = 3
anchors_preset = 15
anchor_right = 1.0
anchor_bottom = 1.0
grow_horizontal = 2
grow_vertical = 2

[node name="VBoxContainer" type="VBoxContainer" parent="Control"]
layout_mode = 1
anchors_preset = 15
anchor_right = 1.0
anchor_bottom = 1.0
grow_horizontal = 2
grow_vertical = 2
alignment = 1

[node name="RichTextLabel" type="RichTextLabel" parent="Control/VBoxContainer"]
clip_contents = false
layout_mode = 2
theme_override_font_sizes/normal_font_size = 32
bbcode_enabled = true
text = "[center][tornado radius=16.0 freq=4.0 connected=0]Sumo Chickens[/tornado][/center]"
fit_content = true

[node name="Label" type="Label" parent="Control/VBoxContainer"]
layout_mode = 2
text = "Press any key to start"
horizontal_alignment = 1
vertical_alignment = 1

[node name="SkyBox" parent="." instance=ExtResource("1_3mrb7")]

[node name="arenas" parent="." instance=ExtResource("2_bddj6")]

[node name="Camera3D" type="Camera3D" parent="."]
transform = Transform3D(1, 0, 0, 0, 0.988103, 0.153796, 0, -0.153796, 0.988103, 0, 0.729155, 4.97446)

[node name="DirectionalLight3D" type="DirectionalLight3D" parent="."]
transform = Transform3D(0.882349, -0.187401, -0.431673, 0.470596, 0.35137, 0.809369, 0, -0.91729, 0.398221, 0, 0, 0)

[node name="RunningChicken" parent="." instance=ExtResource("3_6436y")]
transform = Transform3D(0.140158, 0, -0.990129, 0, 1, 0, 0.990129, 0, 0.140158, 3.48099, 0, 0)

[node name="RunningChicken2" parent="." instance=ExtResource("3_6436y")]

[node name="RunningChicken3" parent="." instance=ExtResource("3_6436y")]
transform = Transform3D(1, 0, 0, 0, 1, 0, 0, 0, 1, -3.06957, 0, 0)
