[gd_scene format=3 uid="uid://dinv5xr2qmdx7"]

[node name="Skeleton3D" type="Skeleton3D"]
bones/0/name = "Root"
bones/0/parent = -1
bones/0/rest = Transform3D(1, 0, 0, 0, 1, 0, 0, 0, 1, 0, 0, 0)
bones/0/enabled = true
bones/0/position = Vector3(0, 0, 0)
bones/0/rotation = Quaternion(0, 0, 0, 1)
bones/0/scale = Vector3(1, 1, 1)
bones/1/name = "Body"
bones/1/parent = 0
bones/1/rest = Transform3D(1, 3.55271e-15, -2.38419e-07, -1.06325e-07, 0.895054, -0.445957, 2.13398e-07, 0.445957, 0.895054, 1.80297e-16, 0.811984, -0.249841)
bones/1/enabled = true
bones/1/position = Vector3(9.06208e-15, 0.642937, -0.249841)
bones/1/rotation = Quaternion(0.22907, -1.1604e-07, -2.73072e-08, 0.97341)
bones/1/scale = Vector3(1, 1, 1)
bones/2/name = "Head"
bones/2/parent = 1
bones/2/rest = Transform3D(1, 2.04771e-07, -5.93144e-07, -6.14318e-07, 0.512187, -0.858874, 1.27928e-07, 0.858874, 0.512187, -1.40306e-14, 3.38542, -5.96046e-08)
bones/2/enabled = true
bones/2/position = Vector3(-1.40306e-14, 3.38542, -5.96046e-08)
bones/2/rotation = Quaternion(0.493869, -2.07315e-07, -2.35496e-07, 0.869537)
bones/2/scale = Vector3(1, 1, 1)
bones/3/name = "Tail"
bones/3/parent = 1
bones/3/rest = Transform3D(1, -2.12283e-07, 1.08533e-07, 0, 0.455221, 0.890379, -2.38419e-07, -0.890379, 0.455221, -2.53089e-07, 2.3796, -1.06153)
bones/3/enabled = true
bones/3/position = Vector3(-2.53089e-07, 2.3796, -1.06153)
bones/3/rotation = Quaternion(-0.52191, 1.01686e-07, 6.22165e-08, 0.853001)
bones/3/scale = Vector3(1, 1, 1)
bones/4/name = "Tail2"
bones/4/parent = 3
bones/4/rest = Transform3D(1, -1.54663e-16, -6.27237e-17, 4.13968e-17, -0.134223, 0.990951, -1.61682e-16, -0.990951, -0.134223, 0, 1.4538, -5.96046e-08)
bones/4/enabled = true
bones/4/position = Vector3(0, 1.4538, -5.96046e-08)
bones/4/rotation = Quaternion(-0.753068, 3.76015e-17, 7.44971e-17, 0.657943)
bones/4/scale = Vector3(1, 1, 1)
bones/5/name = "Wing.L"
bones/5/parent = 1
bones/5/rest = Transform3D(0.00560754, 0.957947, 0.286892, -0.895042, -0.123134, 0.428646, 0.445946, -0.259184, 0.856712, 0.518051, 2.70115, -0.166235)
bones/5/enabled = true
bones/5/position = Vector3(0.518051, 2.70115, -0.166235)
bones/5/rotation = Quaternion(-0.226827, -0.0673194, -0.784266, 0.573536)
bones/5/scale = Vector3(1, 1, 1)
bones/6/name = "Wing1.L"
bones/6/parent = 5
bones/6/rest = Transform3D(0.999862, -0.0166026, -0.00053275, 0.0161847, 0.980914, -0.193767, 0.00373961, 0.193732, 0.981047, -7.67886e-09, 0.387079, 1.30385e-08)
bones/6/enabled = true
bones/6/position = Vector3(-7.67886e-09, 0.387079, 1.30385e-08)
bones/6/rotation = Quaternion(0.0331132, 0.0221996, -0.460916, 0.886548)
bones/6/scale = Vector3(1, 1, 1)
bones/7/name = "Wing2.L"
bones/7/parent = 6
bones/7/rest = Transform3D(0.9988, 0.0486098, -0.0060033, -0.0489229, 0.984258, -0.169832, -0.00234669, 0.169921, 0.985455, -3.30328e-07, 1.13344, 7.52043e-08)
bones/7/enabled = true
bones/7/position = Vector3(-3.30328e-07, 1.13344, 7.52043e-08)
bones/7/rotation = Quaternion(-0.600467, 0.052543, -0.0170746, 0.797739)
bones/7/scale = Vector3(1, 1, 1)
bones/8/name = "Wing3.L"
bones/8/parent = 7
bones/8/rest = Transform3D(0.988592, 0.136564, 0.0635235, -0.150384, 0.871615, 0.466553, 0.00834632, -0.470784, 0.882209, -2.96452e-07, 1.30757, 2.14204e-08)
bones/8/enabled = true
bones/8/position = Vector3(-2.96452e-07, 1.30757, 2.14204e-08)
bones/8/rotation = Quaternion(-0.340449, 0.00381019, -0.0755755, 0.937213)
bones/8/scale = Vector3(1, 1, 1)
bones/9/name = "Wing.R"
bones/9/parent = 1
bones/9/rest = Transform3D(0.00560707, -0.957947, -0.286891, 0.895042, -0.123134, 0.428646, -0.445947, -0.259183, 0.856712, -0.518051, 2.70115, -0.166235)
bones/9/enabled = true
bones/9/position = Vector3(-0.518051, 2.70115, -0.166235)
bones/9/rotation = Quaternion(-0.226827, 0.0673196, 0.784266, 0.573536)
bones/9/scale = Vector3(1, 1, 1)
bones/10/name = "Wing1.R"
bones/10/parent = 9
bones/10/rest = Transform3D(0.999862, 0.0166026, 0.000532704, -0.0161848, 0.980914, -0.193767, -0.00373958, 0.193732, 0.981047, -2.05453e-07, 0.387079, -4.93601e-08)
bones/10/enabled = true
bones/10/position = Vector3(-2.05453e-07, 0.387079, -4.93601e-08)
bones/10/rotation = Quaternion(0.0331131, -0.0221996, 0.460916, 0.886548)
bones/10/scale = Vector3(1, 1, 1)
bones/11/name = "Wing2.R"
bones/11/parent = 10
bones/11/rest = Transform3D(0.9988, -0.0486098, 0.0060033, 0.0489229, 0.984258, -0.169832, 0.00234669, 0.169921, 0.985455, 9.92441e-08, 1.13344, -1.86265e-09)
bones/11/enabled = true
bones/11/position = Vector3(9.92441e-08, 1.13344, -1.86265e-09)
bones/11/rotation = Quaternion(-0.600467, -0.052543, 0.0170745, 0.797739)
bones/11/scale = Vector3(1, 1, 1)
bones/12/name = "Wing3.R"
bones/12/parent = 11
bones/12/rest = Transform3D(0.988592, -0.136564, -0.0635235, 0.150384, 0.871615, 0.466553, -0.00834632, -0.470784, 0.882209, 2.96102e-07, 1.30757, 4.37722e-08)
bones/12/enabled = true
bones/12/position = Vector3(2.96102e-07, 1.30757, 4.37722e-08)
bones/12/rotation = Quaternion(-0.340449, -0.0038102, 0.0755755, 0.937213)
bones/12/scale = Vector3(1, 1, 1)
bones/13/name = "Belly"
bones/13/parent = 1
bones/13/rest = Transform3D(1, 2.11924e-07, -1.29187e-07, -2.11924e-07, 0.458151, -0.888875, -1.29187e-07, 0.888875, 0.458151, 9.39421e-09, 1.79969, 0.0394021)
bones/13/enabled = true
bones/13/position = Vector3(9.39421e-09, 1.79969, 0.0394021)
bones/13/rotation = Quaternion(0.520504, 4.57685e-14, -1.24098e-07, 0.853859)
bones/13/scale = Vector3(1, 1, 1)
bones/14/name = "Foot.L"
bones/14/parent = 0
bones/14/rest = Transform3D(-3.57628e-07, 8.9407e-08, -1, -8.9407e-08, -1, -8.94069e-08, -1, 8.94069e-08, 3.57628e-07, 0.346638, 1.04482, -0.245037)
bones/14/enabled = true
bones/14/position = Vector3(0.346638, 1.04482, -0.245037)
bones/14/rotation = Quaternion(0.707107, 0, -0.707107, 6.32203e-08)
bones/14/scale = Vector3(1, 1, 1)
bones/15/name = "Foot.R"
bones/15/parent = 0
bones/15/rest = Transform3D(-3.57628e-07, -8.9407e-08, 1, 8.9407e-08, -1, -8.94069e-08, 1, 8.94069e-08, 3.57628e-07, -0.346638, 1.04482, -0.245037)
bones/15/enabled = true
bones/15/position = Vector3(-0.346638, 1.04482, -0.245037)
bones/15/rotation = Quaternion(0.707107, 0, 0.707107, 6.32203e-08)
bones/15/scale = Vector3(1, 1, 1)
